8.3 2000
350 200
768 2058 51 51

Coordinates
1         23.5            0            0
2         23.5          1.2            0
3         23.5            0       1.7962
4       21.699            0            0
5       21.731          1.2            0
6         23.5          1.2       1.7962
7       21.499          1.2       2.0116
8       21.235            0       2.2961
9         23.5            0       3.6499
10       19.804            0            0
11       19.868          1.2            0
12         23.5          1.2       3.6499
13       21.504            0       4.6109
14       19.292          1.2       2.6047
15        18.81            0       2.0128
16       21.504          1.2       4.6109
17       19.827            0       4.0027
18         23.5            0        5.572
19       17.816            0            0
20         23.5          1.2        5.572
21       17.912          1.2            0
22       21.129            0       6.2702
23       21.487          1.2        6.567
24       19.483          1.2       5.5718
25       16.889          1.2       2.0128
26       16.777            0       2.0128
27       17.526            0       3.9238
28       17.707          1.2       4.0695
29         23.5            0       7.5619
30         23.5          1.2       7.5619
31       15.867          1.2            0
32       15.738            0            0
33       18.328            0       6.2654
34       19.734            0       7.9179
35       21.487            0       8.5904
36       15.354            0       3.4678
37        19.59          1.2       7.8722
38       14.763            0       1.5457
39       17.284          1.2       6.2431
40       21.487          1.2       8.5904
41       15.587          1.2        3.915
42       16.267            0       5.3012
43         14.8          1.2       2.0128
44         23.5            0       9.6189
45         23.5          1.2       9.6189
46       13.733          1.2            0
47       13.572            0            0
48       17.869            0       8.8709
49       19.577            0        9.883
50       15.947            0       7.5709
51        21.96          1.2        10.58
52       12.906            0       2.4079
53       21.487            0        10.68
54       13.334          1.2       3.7334
55       14.299          1.2       5.8305
56       15.608          1.2       7.6776
57       13.898            0       5.5685
58       12.625          1.2       2.0128
59       19.883          1.2        10.83
60       17.126          1.2       9.5188
61         23.5            0       11.741
62         23.5          1.2       11.741
63       11.517          1.2            0
64       11.323            0            0
65       15.795            0       9.8865
66        17.66            0       11.171
67       19.757            0       12.139
68       12.141          1.2       5.6974
69       13.344          1.2        7.672
70       11.319            0       4.0256
71       21.634          1.2       12.679
72       11.118          1.2       3.6394
73       21.487            0       12.835
74       13.784            0       8.7279
75       10.405          1.2       2.0128
76        10.19            0       2.0128
77       14.138          1.2       10.036
78       17.527          1.2       12.457
79         23.5            0       13.928
80       11.772            0       7.5744
81         23.5          1.2       13.928
82       15.564          1.2        11.54
83       9.2936          1.2            0
84       15.828            0       12.151
85        9.058            0            0
86       17.804            0       13.351
87       19.474          1.2       13.944
88       10.013          1.2       5.6496
89       11.032          1.2       7.6858
90       13.799            0       11.048
91       19.871            0       14.354
92       9.7757            0       5.9184
93       12.151          1.2       9.6622
94       8.9989            0       4.0036
95       8.9182          1.2       3.6341
96       21.487            0       15.052
97       21.487          1.2       15.052
98       11.796            0       9.8936
99       8.1819          1.2       2.0128
100       7.9258            0       2.0128
101       15.595          1.2       13.821
102       13.567          1.2       12.708
103         23.5            0       16.177
104         23.5          1.2       16.177
105       17.521          1.2       15.092
106       15.822            0       14.463
107       17.863            0       15.462
108       7.0702          1.2            0
109       13.852            0       13.368
110       19.587          1.2       16.023
111       11.607          1.2       11.473
112       8.9795            0       7.9926
113       8.7223          1.2        7.568
114       7.8377          1.2       5.6577
115       6.7935            0            0
116         9.81          1.2       9.6183
117       7.8096            0       5.9959
118       11.841            0       12.205
119       19.881            0       16.551
120       6.7174          1.2       3.6558
121       6.6906            0       3.9633
122       22.058            0       17.273
123       21.487          1.2        17.31
124       9.8061            0       11.088
125       5.9585          1.2       2.0128
126       5.6613            0       2.0128
127       13.546          1.2       14.907
128       15.519          1.2       16.127
129       17.543          1.2       17.116
130       11.339          1.2       13.575
131       15.958            0        16.77
132       13.859            0       15.675
133         23.5            0       18.443
134         23.5          1.2       18.443
135        7.805            0       9.9953
136       9.1485          1.2       11.791
137       11.843            0       14.528
138       6.6654            0       7.9725
139       6.4535          1.2       7.4587
140        7.491          1.2       9.5238
141       4.8468          1.2            0
142       19.525          1.2       18.317
143       5.6346          1.2       5.6798
144       5.5117            0       5.9579
145        4.529            0            0
146       17.741            0       18.169
147       21.693            0       19.153
148       9.6322            0       13.403
149       4.5107          1.2       3.6784
150       4.3958            0       3.9274
151       13.759          1.2       16.876
152       21.487          1.2       19.545
153       3.7351          1.2       2.0128
154       15.648          1.2        18.43
155       11.562          1.2       16.105
156       3.3968            0       2.0128
157       13.975            0       17.968
158       15.743            0       18.816
159       7.6617      0.73377       12.851
160       17.719          1.2       19.586
161       11.907            0       16.923
162       5.2917          1.2       9.4471
163       5.4896            0       9.9765
164       19.733            0       20.282
165         23.5            0       20.648
166         23.5          1.2       20.648
167        6.631            0       11.999
168       19.636          1.2       20.304
169       6.3212          1.2       11.497
170       4.3439            0       7.9551
171       8.6004          1.2       14.468
172       9.8692            0       15.832
173       2.6234          1.2            0
174        3.944          1.2       7.3774
175       2.2645            0            0
176       2.9099          1.2       5.3452
177       7.8034            0       14.769
178       2.2982          1.2       3.6953
179       2.6266            0       5.8941
180       2.1118            0       3.9012
181       21.487            0       21.719
182       12.522          1.2       18.811
183       16.995            0       20.883
184       21.123          1.2       22.007
185       16.021          1.2       20.835
186       9.1952          1.2       16.902
187       1.4571      0.44417       2.4238
188       14.044            0        20.29
189       12.033            0       19.242
190       2.9741          1.2       9.3694
191       4.0077          1.2       11.375
192       9.9877            0        18.14
193       4.3074            0       11.977
194         23.5            0       22.789
195         23.5          1.2       22.789
196        19.57            0       22.544
197       2.0228            0       7.9096
198       5.5467          1.2       14.379
199       13.713          1.2       20.837
200       7.9183            0       17.089
201          0.4          1.2            0
202       10.243          1.2       18.973
203        17.94          1.2       22.512
204          0.4          1.2       2.3214
205          0.4       3.5641            0
206            0            0            0
207          0.4          1.2       4.6429
208            0       2.2967            0
209            0            0       2.3214
210       6.8853          1.2       16.813
211          0.4       4.8333       1.9452
212          0.4       3.6319       3.9326
213            0        3.445       2.0128
214       2.4621      0.54964       11.202
215       5.8505            0       16.029
216          0.4       5.9282            0
217       2.0128            0       10.446
218       21.487            0       23.828
219            0       2.1947       3.9251
220       4.0256            0       13.929
221            0       4.5933            0
222            0            0       4.6429
223       21.962          1.2       23.915
224       11.397          1.2       20.799
225          0.4          1.2       6.9643
226          0.4       5.9539       3.9729
227            0       4.4794       3.9113
228          0.4        7.149       2.0147
229            0       5.7416       2.0128
230       17.511            0       23.614
231       12.109            0       21.551
232       14.819          1.2       22.804
233       14.175            0       22.607
234       7.9264          1.2       18.834
235       10.059            0       20.463
236            0         6.89            0
237            0            0       6.9643
238            0        3.084        6.339
239          0.4       8.2924            0
240          0.4        3.906       7.3275
241       19.838          1.2       24.331
242       2.4128          1.2       12.768
243            0       6.7591       3.8967
244       19.733            0       24.476
245       8.0416            0        19.41
246          0.4       8.2474       3.9222
247         23.5            0       24.866
248            0       5.6321       5.9168
249         23.5          1.2       24.866
250          0.4       7.1451       5.9598
251            0       8.0383       2.0128
252          0.4          1.2       9.2857
253            0       1.9521       8.2331
254       2.0128            0       12.768
255          0.4       9.4651       1.9709
256        3.374          1.2       14.879
257            0       9.1866            0
258            0            0       9.2857
259          0.4       3.7532       9.6447
260          0.4       5.8324       8.6243
261            0       4.2071       8.5089
262         12.5          1.2       22.811
263       4.0247            0       16.253
264       9.0806          1.2       20.842
265       4.5743          1.2       16.865
266          0.4       10.656            0
267            0       9.0363       3.8944
268            0       6.2538       7.9607
269            0       2.1653       9.9009
270          0.4       7.9492       7.6845
271          0.4       9.4027        5.932
272            0       7.9731       6.4722
273          0.4       10.547       3.9161
274            0       10.335       2.0128
275        21.46            0       25.741
276       5.8125          1.2       18.817
277          0.4          1.2       11.607
278       18.179          1.2       25.305
279       3.3975      0.61547       16.359
280       21.487          1.2       25.871
281          0.4       11.768       1.9429
282         10.3            0       22.567
283            0       11.483            0
284          0.4       5.6921       10.911
285       15.956          1.2       25.044
286          0.4       3.6188       11.821
287            0            0       11.607
288       2.0128            0       15.089
289            0       10.136       5.9314
290       14.837            0       24.806
291            0       4.0986       11.023
292          0.4       7.6764       9.9845
293            0       6.2637       10.188
294       10.298          1.2       22.813
295          0.4       9.4775       8.5287
296       12.226            0       23.872
297          0.4       13.021            0
298            0       7.9845       9.3631
299            0       2.1213       12.203
300       4.5428            0       18.633
301       6.2283            0       20.225
302            0       11.708       4.3736
303          0.4       11.334       7.1449
304       13.649          1.2       24.807
305            0        12.59       2.0128
306          0.4       12.867       3.9727
307        6.788          1.2       20.851
308            0        10.01       8.3422
309         23.5            0       26.876
310       19.573          1.2       26.572
311         23.5          1.2       26.876
312       19.055            0       26.552
313          0.4          1.2       13.929
314          0.4       7.7315        11.71
315          0.4       5.5633        12.98
316       1.6881      0.68175       16.095
317          0.4       14.079       2.0128
318       2.2646          1.2       16.917
319            0       13.696            0
320            0       5.9122       12.471
321       7.9882            0       22.459
322            0       12.031        7.018
323            0            0       13.929
324          0.4       9.8479       10.789
325            0       3.8115       13.457
326          0.4       3.6075       14.222
327            0       8.0331       11.673
328            0         13.8       3.4529
329          0.4       11.576       9.4481
330       3.3733          1.2       18.767
331       8.0374          1.2       22.773
332            0       9.9839       10.435
333          0.4       15.137            0
334            0       1.7669       14.446
335       11.408          1.2       24.839
336       2.0128            0       17.411
337       16.205            0       26.683
338          0.4        14.02       5.9852
339            0       14.671       2.0128
340          0.4       13.223       7.9953
341       21.487            0       27.848
342          0.4       15.171        3.972
343       21.487          1.2       27.848
344       4.7515          1.2       20.808
345            0       12.053       9.4152
346          0.4       7.6846       13.968
347            0       14.434       5.5987
348          0.4       16.057       1.9109
349          0.4        9.531       13.075
350            0       15.646            0
351          0.4       11.342       11.623
352          0.4          1.2        16.25
353          0.4       5.6341       15.296
354            0       7.7891       13.741
355       17.529          1.2       27.666
356            0       5.7228       14.773
357       14.583          1.2       26.913
358       9.1184            0       24.488
359            0       3.3898       15.681
360          0.4        13.17       10.191
361            0       9.8853       12.753
362            0       13.845       8.4469
363       4.0256            0       20.893
364            0            0        16.25
365          0.4       3.7988       16.508
366          0.4       16.977            0
367        5.629            0       22.447
368       9.1399          1.2       24.812
369       19.806          1.2       28.466
370            0        16.35       3.1447
371         23.5            0       28.819
372            0       11.935       11.666
373         23.5          1.2       28.819
374       12.301          1.2       26.598
375       13.286            0       27.037
376          0.4       15.287       8.5734
377          0.4       16.523       5.8562
378       19.611            0       28.739
379        5.725          1.2       22.909
380       2.0128            0       19.732
381       17.526            0       28.576
382            0       17.272       1.3835
383            0       17.348            0
384          0.4        9.712       15.098
385          0.4       7.7318       16.289
386            0       13.791        10.85
387            0       15.921       7.4214
388          0.4       11.698       13.909
389            0       7.6555       16.058
390       10.478            0       26.473
391       2.4366          1.2       20.626
392          0.4       13.487       12.491
393            0       9.7063       15.043
394            0       5.5675       17.082
395          0.4       18.064       3.9787
396       6.7987            0       24.454
397          0.4       5.8348       17.608
398          0.4       18.561            0
399          0.4          1.2       18.571
400          0.4       18.647       1.4057
401            0       11.736       13.967
402            0       3.4699       18.077
403       6.8434          1.2        24.76
404          0.4        15.11       11.456
405       10.082          1.2        26.68
406            0       15.788        9.706
407       15.467          1.2       28.821
408       15.278            0       28.797
409            0            0       18.571
410            0       17.681       5.7601
411          0.4        3.898        18.82
412          0.4       17.452       8.2068
413            0        18.82            0
414            0       18.614       3.2138
415            0       13.799        13.03
416          0.4       18.508       6.1065
417       22.673       1.0839       30.217
418       13.536          1.2       28.554
419       21.255          1.2       30.188
420       21.177            0       30.235
421       3.4426          1.2       22.718
422          0.4       19.912            0
423          0.4       9.7059       17.409
424            0       19.452       1.3128
425       2.6148            0       22.304
426          0.4       11.701       16.224
427          0.4       13.673       14.766
428       18.852          1.2       30.288
429          0.4       7.9455       18.548
430         23.5            0       30.694
431         23.5          1.2       30.694
432       7.9163            0       26.473
433            0        17.76       8.7826
434            0       15.819       11.937
435            0       2.0128       19.732
436          0.4       17.509       10.323
437        18.81            0       30.487
438            0       11.701       16.276
439          0.4       20.497       1.1584
440            0       20.084            0
441       11.319            0       28.474
442       7.8657          1.2       26.723
443          0.4        5.978       19.765
444       4.4788            0       24.466
445            0       8.0708       18.655
446            0       13.693       15.108
447          0.4          1.2       20.893
448       16.744          1.2        30.41
449          0.4       15.768       13.777
450        11.26          1.2       28.663
451       4.5256          1.2       24.737
452       16.777            0       30.487
453          0.4       21.057            0
454            0       17.544       11.082
455          0.4       21.077       3.0038
456          0.4        20.55        5.718
457            0            0       20.893
458            0       4.6216       20.514
459            0       21.163            0
460            0       20.612       4.8396
461          0.4       3.7195       21.304
462            0       15.804       14.152
463          0.4       19.853       8.6336
464            0       10.259       18.675
465            0       21.296      0.88123
466         14.8          1.2       30.487
467       21.683      0.87005       31.677
468            0       21.239        2.178
469          0.4       21.792       1.3825
470          0.4       11.736       18.533
471            0       20.188       7.5967
472       12.906            0       30.092
473       5.6613            0       26.462
474          0.4       22.021            0
475          0.4       17.897       12.863
476          0.4       9.8853       19.747
477       8.9989            0       28.496
478          0.4       13.693       17.392
479            0        6.941       20.643
480          0.4       8.0331       20.827
481       14.763            0       30.954
482          0.4       15.592       16.064
483       5.6458          1.2       26.744
484       9.0096          1.2       28.721
485            0        17.49       13.391
486            0       22.078            0
487            0       19.614       10.161
488          0.4       22.527       2.6774
489       12.625          1.2       30.487
490          0.4       22.638       1.7941
491          0.4       19.537       11.596
492          0.4       22.713      0.86705
493          0.4       5.9964        21.94
494          0.4       22.268       4.7945
495            0       13.673       17.734
496          0.4       22.828            0
497       2.1571            0       24.484
498          0.4       22.574       3.5646
499         23.5            0         32.5
500         23.5          1.2         32.5
501       21.699            0         32.5
502          0.4        22.12       6.0517
503            0       22.468       1.7206
504       21.731          1.2         32.5
505            0       9.1081       20.693
506            0       22.636      0.81016
507            0       15.592       16.436
508            0       22.347       3.8532
509       2.2081          1.2       24.781
510       19.804            0         32.5
511            0       22.207       5.0308
512       19.868          1.2         32.5
513          0.4        21.96       7.4573
514            0       22.636       2.7034
515          0.4       17.597       15.161
516          0.4          1.2       23.214
517            0       3.2888       22.603
518            0        22.85            0
519            0       22.053       6.3501
520            0       19.492       12.239
521          0.4         23.5            0
522          0.4         23.5      0.64636
523          0.4         23.5       1.3793
524       17.816            0         32.5
525       17.912          1.2         32.5
526          0.4       21.788        9.023
527       6.7935            0       28.474
528          0.4         23.5       2.2089
529            0            0       23.214
530          0.4       4.0703        23.27
531            0       21.887        7.823
532       1.5814      0.36175       24.762
533            0       5.6734       22.585
534          0.4         23.5       3.1459
535       10.405          1.2       30.487
536          0.4       13.799        19.47
537          0.4         23.5       4.2015
538            0         23.5            0
539            0       17.611       15.564
540            0         23.5      0.66588
541            0         23.5       1.4385
542        10.19            0       30.487
543       6.7732          1.2        28.75
544          0.4       19.536       13.898
545            0         23.5       2.3123
546          0.4       11.935       20.834
547            0       11.425       20.684
548            0        21.71       9.4611
549          0.4         23.5       5.3875
550            0         23.5       3.2983
551       15.867          1.2         32.5
552          0.4       21.604        10.76
553       15.738            0         32.5
554          0.4       15.804       18.348
555          0.4       9.9839       22.065
556            0         23.5       4.4081
557          0.4       17.611       16.936
558          0.4         23.5       6.7159
559            0       7.9741       22.719
560          0.4       7.9845       23.137
561       2.7193            0       26.539
562            0         23.5       5.6535
563       2.8629          1.2       26.741
564            0       21.522       11.275
565            0       19.563       14.544
566       13.733          1.2         32.5
567          0.4         23.5       8.1986
568            0         23.5       7.0467
569       13.572            0         32.5
570          0.4       21.487       12.678
571            0       15.877       18.927
572            0       17.597       17.339
573            0       2.1394       24.619
574          0.4       6.0274       24.384
575       8.1819          1.2       30.487
576        4.529            0       28.474
577            0       13.741       20.755
578       7.9258            0       30.487
579            0       10.296       22.682
580            0       4.4486       24.613
581            0         23.5       8.5993
582          0.4       19.677       16.174
583          0.4         23.5       9.8473
584          0.4          1.2       25.536
585       4.5435          1.2       28.764
586            0       21.487       13.274
587          0.4       13.791        21.65
588          0.4       3.4082       25.508
589       11.517          1.2         32.5
590            0       6.7685       24.613
591            0            0       25.536
592       11.323            0         32.5
593          0.4        17.49       19.109
594            0       19.677       16.326
595          0.4       15.819       20.563
596            0         23.5       10.323
597          0.4       12.053       23.085
598          0.4       21.487       14.786
599          0.4        10.01       24.158
600          0.4         23.5       11.673
601            0       12.499       22.711
602       5.9585          1.2       30.487
603          0.4       19.563       17.956
604            0        9.088       24.658
605          0.4       8.0917       25.445
606       5.6613            0       30.487
607            0         23.5       12.227
608            0       17.897       19.637
609       9.2936          1.2         32.5
610            0       21.565       15.583
611        9.058            0         32.5
612       2.2086            0       28.494
613            0       2.6938       26.635
614          0.4         23.5       13.684
615          0.4       6.0639       26.558
616            0         14.6       22.616
617        2.317          1.2       28.771
618            0       19.536       18.602
619          0.4       21.565       16.917
620            0       5.6215       26.615
621            0       11.381       24.729
622          0.4       17.544       21.418
623          0.4       15.788       22.794
624            0       16.761       21.663
625          0.4       13.845       24.053
626            0         23.5       14.321
627          0.4          1.2       27.857
628          0.4       11.992        25.34
629       3.7351          1.2       30.487
630            0       7.8763       26.637
631          0.4       19.492       20.261
632          0.4       4.1218       27.818
633       7.0702          1.2         32.5
634            0       21.487       17.714
635            0            0       27.857
636       3.3968            0       30.487
637          0.4       9.9701       26.477
638       6.7935            0         32.5
639          0.4         23.5       15.889
640            0       13.633        24.72
641            0       10.083        26.62
642          0.4       21.487       19.226
643          0.4       8.0613       27.725
644            0       19.526       20.991
645            0       2.1847        28.59
646            0         23.5       16.611
647            0       4.4623       28.613
648          0.4       6.0472       28.879
649       4.8468          1.2         32.5
650            0       21.487       19.822
651            0       15.912       24.523
652            0       12.296       26.533
653          0.4        17.76       23.717
654        4.529            0         32.5
655          0.4         23.5       18.179
656            0       6.7311       28.641
657          0.4       19.722        22.42
658          0.4        16.05       25.268
659          0.4       14.147       26.559
660          0.4          1.2       30.179
661          0.4       12.148       27.654
662          0.4       21.522       21.225
663            0       8.9929       28.657
664          0.4       4.1129       30.112
665            0         23.5       18.816
666            0            0       30.179
667          0.4       10.117       28.786
668            0       14.827       26.537
669            0       21.604        21.74
670       2.6234          1.2         32.5
671            0        3.445       30.487
672          0.4         23.5       20.273
673            0       11.262       28.608
674          0.4       8.1659       30.044
675       2.2645            0         32.5
676            0       5.7416       30.487
677          0.4        21.71       23.039
678            0         23.5       20.827
679            0       8.0383       30.487
680            0       19.873        24.48
681            0       13.559       28.477
682          0.4       20.302        24.86
683          0.4       14.398        28.84
684          0.4       18.391       26.495
685            0        17.39       26.882
686          0.4         23.5       22.177
687          0.4       12.112       29.979
688            0       10.335       30.487
689          0.4          1.2         32.5
690            0       22.088       23.643
691          0.4        16.45         28.2
692          0.4       3.5641         32.5
693            0            0         32.5
694            0       2.2967         32.5
695            0         23.5       22.653
696          0.4       21.887       24.677
697            0       15.852       28.615
698          0.4       5.9282         32.5
699            0       4.5933         32.5
700            0        12.59       30.487
701            0         6.89         32.5
702          0.4         23.5       23.901
703          0.4       8.2924         32.5
704            0        21.96       25.043
705            0       9.1866         32.5
706            0         23.5       24.301
707            0       14.671       30.487
708            0       20.398        27.02
709          0.4       10.656         32.5
710          0.4       22.053        26.15
711          0.4       20.695         27.6
712            0         18.1       29.088
713          0.4       15.595       30.822
714          0.4       19.009        28.96
715          0.4         23.5       25.453
716            0       11.483         32.5
717            0       22.325       26.533
718          0.4       13.021         32.5
719            0       16.497       30.733
720            0         23.5       25.784
721          0.4       22.207       27.469
722            0       13.696         32.5
723          0.4       17.769       30.855
724          0.4         23.5       26.846
725            0       22.268       27.706
726          0.4       15.137         32.5
727            0         23.5       27.113
728          0.4        22.26       28.634
729            0       15.646         32.5
730            0       21.077       29.496
731          0.4       21.182       29.749
732          0.4         23.5       28.092
733          0.4       16.977         32.5
734          0.4        19.62       31.013
735            0       18.941       31.173
736            0       22.574       28.935
737            0         23.5       28.299
738            0       17.348         32.5
739          0.4       22.476       29.695
740          0.4       18.561         32.5
741          0.4         23.5       29.202
742            0       22.527       29.823
743            0        20.62       31.359
744            0        18.82         32.5
745            0         23.5       29.354
746          0.4       22.428       30.647
747          0.4       21.263       31.512
748          0.4       19.912         32.5
749          0.4         23.5       30.188
750            0       21.859       31.159
751            0       20.084         32.5
752            0       22.819       30.799
753            0         23.5       30.291
754          0.4       21.057         32.5
755      0.20733       21.683       32.012
756          0.4       22.622       31.673
757          0.4         23.5       31.062
758            0       21.163         32.5
759            0       22.734       31.635
760            0         23.5       31.121
761          0.4       22.021         32.5
762            0       22.078         32.5
763          0.4         23.5       31.834
764          0.4       22.828         32.5
765            0         23.5       31.854
766            0        22.85         32.5
767          0.4         23.5         32.5
768            0         23.5         32.5
EndCoordinates

Elements
1 538 521 522 518
2 767 768 765 766
3 540 538 522 518
4 763 767 765 764
5 518 496 521 522
6 766 767 764 765
7 763 765 760 759
8 540 522 523 492
9 757 763 760 759
10 541 540 523 492
11 766 764 762 759
12 518 486 496 506
13 761 762 764 756
14 486 474 496 506
15 763 765 759 764
16 541 523 528 490
17 757 760 753 752
18 757 760 752 759
19 540 522 492 496
20 545 541 528 490
21 749 757 753 752
22 496 518 506 540
23 766 764 759 765
24 753 749 752 742
25 486 459 474 465
26 761 758 762 755
27 762 761 755 756
28 749 753 745 742
29 545 528 534 514
30 758 761 754 755
31 453 474 459 465
32 459 453 465 440
33 754 758 755 747
34 522 540 518 496
35 550 545 534 514
36 741 749 745 739
37 541 523 490 492
38 545 528 514 490
39 741 745 737 736
40 550 534 537 498
41 486 474 506 465
42 550 534 498 514
43 741 745 736 739
44 754 758 747 751
45 741 737 732 736
46 550 537 556 508
47 758 762 755 750
48 758 755 747 750
49 755 747 750 756
50 750 755 756 762
51 453 440 422 439
52 754 748 751 747
53 755 754 747 761
54 747 755 761 756
55 756 764 763 759
56 763 756 759 757
57 756 764 759 762
58 756 759 757 746
59 756 759 746 750
60 756 759 750 762
61 732 737 727 725
62 556 537 549 494
63 749 757 752 746
64 757 752 746 759
65 752 746 759 750
66 752 746 750 742
67 752 746 742 749
68 540 541 506 492
69 506 540 492 496
70 492 506 496 474
71 541 506 492 503
72 506 492 503 469
73 506 492 469 474
74 732 727 724 725
75 556 549 562 494
76 422 440 413 424
77 748 744 751 734
78 503 506 469 465
79 492 503 469 490
80 503 469 490 488
81 492 503 490 541
82 490 503 488 514
83 488 490 514 528
84 490 503 514 545
85 503 488 514 468
86 503 490 541 545
87 514 488 528 534
88 514 488 534 498
89 514 488 498 455
90 737 732 736 725
91 746 756 750 747
92 562 549 558 502
93 724 727 720 717
94 745 742 736 739
95 742 736 739 730
96 745 742 739 749
97 742 739 749 746
98 742 739 746 731
99 422 413 398 400
100 748 740 744 734
101 537 556 508 494
102 440 422 439 424
103 736 741 739 728
104 739 736 728 730
105 736 741 728 732
106 498 550 514 508
107 514 498 508 455
108 498 550 508 537
109 508 498 537 494
110 508 498 494 455
111 724 720 715 717
112 562 558 568 519
113 724 727 717 725
114 469 503 465 468
115 750 746 747 731
116 742 739 731 730
117 465 469 468 439
118 465 469 439 453
119 453 474 465 469
120 469 503 468 488
121 439 465 453 440
122 715 720 706 704
123 568 558 567 513
124 740 738 744 735
125 398 413 383 400
126 744 740 735 734
127 506 469 465 474
128 739 731 730 728
129 728 736 732 725
130 728 736 725 730
131 746 750 742 731
132 715 706 702 696
133 568 567 581 531
134 488 514 468 455
135 731 742 730 750
136 747 758 750 743
137 750 747 743 731
138 747 758 743 751
139 549 562 494 502
140 398 383 366 400
141 740 733 738 723
142 581 567 583 526
143 702 706 695 690
144 731 730 728 711
145 468 465 439 424
146 720 715 717 704
147 751 748 734 747
148 702 706 690 696
149 743 747 751 734
150 743 747 734 731
151 733 729 738 719
152 366 383 350 382
153 366 383 382 400
154 702 695 686 677
155 581 583 596 548
156 556 508 494 511
157 508 494 511 460
158 494 556 511 562
159 511 494 562 502
160 511 494 502 460
161 558 568 519 513
162 469 468 439 455
163 732 728 725 721
164 728 725 721 711
165 725 732 721 724
166 721 725 724 717
167 721 725 717 708
168 725 721 711 708
169 439 465 440 424
170 724 721 717 710
171 721 717 710 708
172 717 724 710 715
173 469 468 455 488
174 596 583 600 552
175 686 695 678 669
176 710 717 715 704
177 710 717 704 708
178 735 744 734 751
179 422 439 424 400
180 366 350 333 348
181 733 726 729 713
182 439 424 400 455
183 730 731 750 743
184 686 678 672 662
185 596 600 607 564
186 751 743 734 735
187 743 734 735 730
188 562 511 502 519
189 511 502 519 460
190 502 562 519 558
191 519 502 558 513
192 519 502 513 456
193 519 502 456 460
194 567 581 531 526
195 514 468 455 508
196 740 735 734 723
197 735 734 723 712
198 413 422 424 400
199 424 413 400 382
200 333 350 319 339
201 726 722 729 707
202 726 729 713 707
203 733 738 723 719
204 730 731 743 734
205 721 711 708 710
206 468 439 455 424
207 672 678 665 650
208 607 600 614 570
209 672 665 655 642
210 607 614 626 586
211 711 725 708 730
212 706 690 696 704
213 690 696 704 680
214 696 706 704 715
215 704 696 715 710
216 704 696 710 682
217 704 696 682 680
218 696 682 680 677
219 333 319 297 317
220 726 718 722 707
221 690 702 696 677
222 696 690 677 680
223 690 702 677 695
224 677 690 695 669
225 677 690 669 657
226 568 519 513 531
227 519 513 531 471
228 513 568 531 567
229 531 513 567 526
230 531 513 526 471
231 583 596 548 552
232 695 686 677 669
233 728 725 711 730
234 400 424 382 414
235 468 455 508 460
236 740 735 723 738
237 502 456 460 494
238 626 614 639 598
239 655 665 646 634
240 682 704 680 708
241 297 319 283 305
242 718 716 722 700
243 456 460 494 455
244 730 731 734 714
245 731 730 711 714
246 711 708 710 682
247 508 494 460 455
248 689 693 694 666
249 201 208 206 209
250 205 221 208 213
251 692 694 699 671
252 698 699 701 676
253 216 236 221 229
254 655 646 639 619
255 639 646 626 610
256 456 519 460 471
257 239 257 236 251
258 703 701 705 679
259 266 283 257 274
260 709 705 716 688
261 350 333 348 339
262 383 382 400 413
263 400 424 414 455
264 205 208 201 204
265 692 689 694 660
266 698 692 699 664
267 216 221 205 211
268 239 236 216 228
269 703 698 701 679
270 581 531 526 548
271 531 526 548 471
272 526 581 548 583
273 548 526 583 552
274 548 526 552 487
275 266 257 239 255
276 709 703 705 679
277 718 709 716 700
278 297 283 266 281
279 713 726 707 718
280 600 607 564 570
281 678 672 662 650
282 350 366 382 348
283 366 382 348 400
284 646 639 619 610
285 729 713 707 719
286 713 707 719 697
287 729 713 719 733
288 713 719 733 723
289 713 719 723 691
290 738 723 719 735
291 710 704 682 708
292 513 519 456 471
293 723 719 735 712
294 1 2 5 3
295 499 504 500 430
296 665 655 642 634
297 614 626 586 598
298 4 1 5 3
299 319 297 317 305
300 6 2 3 5
301 283 266 281 274
302 722 718 700 707
303 526 548 471 463
304 526 548 463 487
305 4 5 11 7
306 6 3 12 7
307 3 9 12 8
308 10 4 11 8
309 455 468 424 414
310 257 239 255 251
311 708 711 730 714
312 716 709 688 700
313 471 526 463 513
314 596 548 552 564
315 548 552 564 487
316 552 596 564 600
317 564 552 600 570
318 564 552 570 491
319 564 552 491 487
320 686 677 669 662
321 677 669 662 657
322 669 686 662 678
323 662 669 678 650
324 662 669 650 644
325 669 662 657 644
326 708 711 714 684
327 682 680 677 657
328 682 680 657 653
329 12 9 18 13
330 20 12 18 16
331 463 471 513 456
332 510 525 512 428
333 10 11 21 15
334 216 236 229 228
335 701 698 676 679
336 371 373 311 343
337 309 371 311 341
338 221 205 211 213
339 19 10 21 15
340 524 525 510 437
341 708 711 684 682
342 382 348 400 414
343 719 713 697 691
344 699 692 671 664
345 692 671 664 660
346 723 719 712 691
347 680 682 708 684
348 382 350 348 339
349 348 382 339 370
350 348 382 370 414
351 339 348 370 342
352 348 370 342 395
353 20 18 30 23
354 18 29 30 23
355 713 707 697 683
356 713 707 683 718
357 707 697 683 681
358 697 683 681 659
359 683 707 681 700
360 683 681 659 661
361 683 681 661 687
362 735 734 712 730
363 19 21 31 25
364 524 551 525 448
365 247 309 249 275
366 309 311 249 280
367 690 677 680 657
368 6 3 7 5
369 32 19 31 26
370 553 551 524 452
371 4 5 7 3
372 370 339 342 328
373 339 342 328 317
374 328 339 317 305
375 339 317 305 319
376 317 328 305 306
377 317 328 306 342
378 328 306 342 347
379 339 342 317 348
380 317 339 348 333
381 339 317 319 333
382 328 305 306 302
383 306 328 302 347
384 639 619 610 598
385 619 610 598 582
386 610 639 598 626
387 610 598 582 565
388 610 598 565 586
389 610 598 586 626
390 619 610 582 594
391 610 582 594 565
392 582 594 565 539
393 582 619 594 603
394 594 582 603 557
395 582 594 539 557
396 619 610 594 634
397 619 610 634 646
398 634 619 646 655
399 594 619 634 603
400 619 634 603 642
401 619 634 642 655
402 342 370 328 347
403 468 455 460 414
404 697 719 691 712
405 691 697 712 685
406 691 697 685 668
407 691 697 668 659
408 216 221 211 229
409 211 216 229 228
410 229 211 228 226
411 221 211 229 213
412 211 229 213 227
413 211 229 227 226
414 30 29 44 35
415 45 30 44 40
416 548 471 463 487
417 471 463 487 433
418 213 211 227 212
419 227 213 212 219
420 212 227 219 238
421 211 227 212 226
422 227 212 226 248
423 671 699 664 676
424 664 671 676 647
425 664 671 647 645
426 676 664 647 648
427 664 647 648 632
428 647 648 632 620
429 664 647 632 645
430 632 647 620 613
431 647 632 645 613
432 647 676 648 656
433 676 648 656 674
434 648 647 656 620
435 648 656 674 643
436 648 656 643 615
437 648 656 615 620
438 656 615 620 630
439 615 620 630 590
440 615 620 590 574
441 615 620 574 588
442 590 615 574 605
443 574 590 605 560
444 574 590 560 533
445 574 590 533 580
446 574 590 580 620
447 615 648 620 632
448 620 615 632 588
449 664 671 645 660
450 456 460 455 395
451 683 681 687 700
452 681 687 700 673
453 687 700 673 688
454 687 700 688 709
455 673 687 688 667
456 688 673 667 663
457 673 667 663 637
458 673 687 667 661
459 667 673 661 637
460 667 688 663 674
461 663 667 674 643
462 663 667 643 637
463 673 687 661 681
464 661 673 681 652
465 661 673 652 637
466 681 661 652 659
467 674 663 643 656
468 663 643 656 630
469 663 643 630 637
470 643 656 630 615
471 630 643 615 605
472 630 643 605 637
473 661 652 659 628
474 661 652 628 637
475 615 630 605 590
476 630 605 590 604
477 630 605 604 637
478 605 590 604 560
479 605 604 637 599
480 605 604 599 560
481 604 599 560 579
482 604 599 579 621
483 604 599 621 637
484 599 579 621 597
485 652 659 628 640
486 628 652 640 621
487 628 652 621 637
488 640 628 621 597
489 628 621 597 599
490 628 621 599 637
491 247 249 195 223
492 247 249 223 275
493 194 247 195 218
494 553 566 551 466
495 32 31 46 43
496 201 175 173 209
497 689 670 675 666
498 676 664 648 698
499 208 205 213 204
500 692 694 671 660
501 662 657 644 631
502 657 644 631 622
503 644 662 631 650
504 644 631 622 608
505 644 631 608 618
506 644 631 618 650
507 631 608 618 593
508 631 608 593 622
509 608 618 593 572
510 593 608 572 571
511 593 608 571 595
512 608 593 622 595
513 571 593 595 554
514 571 593 554 572
515 595 571 554 536
516 554 571 572 507
517 554 571 507 495
518 571 554 536 495
519 599 579 597 555
520 599 579 555 560
521 579 597 555 547
522 555 579 547 505
523 555 579 505 559
524 555 579 559 560
525 559 555 560 480
526 560 559 480 493
527 560 559 493 533
528 579 559 560 604
529 559 560 604 590
530 559 560 590 533
531 559 493 533 479
532 493 533 479 458
533 493 533 458 461
534 493 560 533 574
535 533 493 574 530
536 533 493 530 461
537 458 493 461 443
538 461 458 443 411
539 461 458 411 435
540 460 456 471 416
541 460 456 416 395
542 133 122 147 134
543 133 122 134 104
544 147 133 134 165
545 569 566 553 481
546 569 566 481 489
547 47 32 46 38
548 46 47 38 58
549 649 654 670 629
550 141 173 145 153
551 213 211 212 204
552 570 564 491 520
553 564 491 520 487
554 491 520 487 454
555 491 570 520 544
556 520 491 544 475
557 520 491 475 454
558 544 520 475 485
559 520 475 485 454
560 475 544 485 515
561 485 475 515 449
562 485 475 449 434
563 475 485 454 434
564 108 141 115 125
565 633 638 649 602
566 680 682 684 653
567 213 212 219 204
568 201 206 175 209
569 689 675 693 666
570 657 669 644 680
571 672 662 650 642
572 662 650 642 631
573 650 642 631 618
574 650 672 642 665
575 642 650 665 634
576 642 650 634 618
577 607 564 570 586
578 564 570 586 520
579 570 586 520 544
580 570 607 586 614
581 586 570 614 598
582 586 570 598 544
583 45 44 62 51
584 45 44 51 40
585 44 61 62 53
586 593 554 572 557
587 572 593 557 603
588 557 572 603 594
589 554 572 557 507
590 572 557 507 539
591 572 557 539 594
592 557 507 539 515
593 539 557 515 582
594 515 539 582 565
595 515 539 565 485
596 515 539 485 462
597 515 539 462 507
598 485 515 462 449
599 462 485 449 434
600 449 462 434 415
601 515 462 449 482
602 462 449 482 427
603 449 462 415 427
604 83 108 85 99
605 609 611 633 575
606 228 229 226 243
607 229 226 243 227
608 226 243 227 248
609 226 228 243 246
610 243 226 246 250
611 226 243 248 250
612 228 229 243 251
613 228 229 251 236
614 243 228 251 246
615 228 251 246 255
616 228 251 255 239
617 228 251 239 236
618 251 246 255 267
619 251 246 267 243
620 246 267 243 250
621 246 255 267 273
622 267 246 273 271
623 267 246 271 250
624 255 251 267 274
625 255 251 274 257
626 267 255 274 273
627 255 274 273 281
628 255 274 281 266
629 274 255 257 266
630 274 273 281 305
631 281 274 305 283
632 305 281 283 297
633 305 281 297 317
634 305 281 317 306
635 305 281 306 273
636 670 654 675 636
637 173 175 145 156
638 458 443 411 402
639 411 458 402 435
640 402 411 435 399
641 698 699 676 664
642 448 466 407 408
643 466 407 408 418
644 407 408 418 357
645 407 408 357 337
646 407 448 408 381
647 649 638 654 606
648 141 145 115 126
649 458 493 443 479
650 493 443 479 480
651 443 479 480 445
652 479 493 480 559
653 443 458 479 394
654 480 479 559 505
655 480 479 505 445
656 559 480 505 555
657 480 505 555 476
658 480 505 476 445
659 505 555 476 547
660 476 505 547 464
661 476 505 464 445
662 547 476 464 470
663 476 464 470 423
664 476 464 423 445
665 464 470 423 438
666 464 423 445 389
667 634 642 618 603
668 618 634 603 594
669 603 618 594 572
670 642 618 603 631
671 618 603 631 593
672 603 618 572 593
673 598 586 544 565
674 544 598 565 582
675 565 544 582 515
676 586 544 565 520
677 544 565 520 485
678 565 544 515 485
679 63 83 64 75
680 589 592 609 535
681 194 195 165 181
682 195 166 165 181
683 274 267 273 302
684 267 273 302 289
685 273 302 289 303
686 697 668 659 681
687 668 659 681 652
688 668 659 652 640
689 668 659 640 658
690 668 659 658 691
691 47 46 63 58
692 569 589 566 489
693 108 115 85 100
694 633 611 638 578
695 205 211 213 204
696 305 306 302 273
697 306 302 273 303
698 687 683 700 718
699 700 687 718 709
700 552 491 487 463
701 83 85 64 76
702 609 592 611 542
703 713 697 691 683
704 697 691 683 659
705 589 569 592 489
706 63 64 47 58
707 487 491 454 436
708 454 487 436 433
709 436 454 433 406
710 436 454 406 404
711 491 454 436 475
712 454 436 475 404
713 433 436 406 412
714 433 436 412 463
715 406 433 412 387
716 433 412 387 410
717 412 433 463 471
718 408 407 381 337
719 62 61 81 71
720 62 61 71 53
721 61 79 81 73
722 533 574 580 530
723 574 580 530 588
724 580 530 588 573
725 588 580 573 613
726 573 588 613 584
727 573 588 584 516
728 613 573 584 591
729 573 584 591 516
730 588 613 584 627
731 588 580 613 620
732 580 533 530 517
733 530 580 517 573
734 533 530 517 461
735 530 517 461 516
736 517 530 573 516
737 248 226 250 240
738 712 691 685 684
739 691 685 684 658
740 165 166 134 152
741 709 705 688 679
742 685 684 658 651
743 658 685 651 668
744 651 658 668 640
745 651 658 640 625
746 640 651 625 616
747 625 640 616 601
748 625 640 601 597
749 601 625 597 587
750 597 601 587 546
751 597 601 546 547
752 601 546 547 577
753 546 547 577 536
754 625 640 597 628
755 625 640 628 659
756 625 640 659 658
757 640 601 597 621
758 601 597 621 579
759 601 597 579 547
760 546 597 547 555
761 547 546 555 476
762 547 546 476 470
763 547 546 470 536
764 577 546 536 587
765 536 577 587 595
766 577 546 587 601
767 587 577 601 616
768 587 577 616 595
769 601 587 616 625
770 587 616 625 623
771 587 616 623 595
772 616 625 623 651
773 623 616 651 624
774 623 616 624 595
775 624 623 595 622
776 595 624 622 608
777 624 623 622 653
778 624 622 608 644
779 651 658 625 623
780 651 658 623 653
781 651 658 653 684
782 622 624 653 657
783 536 577 595 571
784 624 622 644 657
785 574 580 588 620
786 275 218 244 241
787 218 244 241 196
788 244 241 196 230
789 244 275 241 310
790 241 244 310 278
791 241 244 278 230
792 133 103 122 104
793 103 122 104 96
794 18 20 16 23
795 12 9 13 8
796 533 458 461 517
797 458 461 517 435
798 524 525 437 448
799 21 19 15 25
800 674 663 656 679
801 674 663 679 688
802 656 674 679 676
803 679 674 688 709
804 674 679 676 698
805 311 309 341 280
806 267 273 289 271
807 273 289 271 303
808 289 271 303 308
809 289 267 271 272
810 271 289 272 308
811 687 688 667 709
812 553 551 452 466
813 31 32 26 43
814 29 30 23 35
815 303 289 308 322
816 303 289 322 302
817 308 303 322 329
818 303 322 329 340
819 303 322 340 338
820 273 274 302 305
821 81 79 104 97
822 79 103 104 96
823 623 651 653 624
824 402 411 399 365
825 402 411 365 397
826 402 411 397 394
827 411 397 394 443
828 397 402 394 365
829 394 397 365 353
830 394 397 353 389
831 394 397 389 445
832 397 394 443 445
833 402 411 394 443
834 402 394 365 359
835 365 402 359 352
836 394 365 359 353
837 365 359 353 326
838 365 359 326 352
839 303 322 338 302
840 145 141 153 126
841 649 654 629 606
842 243 248 250 272
843 248 250 272 268
844 250 272 268 270
845 250 272 270 271
846 250 272 271 267
847 272 270 271 308
848 272 268 270 298
849 268 270 298 260
850 268 270 260 250
851 298 268 260 293
852 268 260 293 261
853 268 260 261 240
854 260 261 240 259
855 261 240 259 253
856 260 261 259 293
857 268 260 240 250
858 261 240 253 238
859 261 240 238 248
860 240 253 238 225
861 253 238 225 237
862 225 253 237 252
863 225 253 252 240
864 261 268 240 248
865 259 261 253 269
866 259 261 269 291
867 259 261 291 293
868 269 259 291 286
869 259 291 286 284
870 291 286 284 320
871 259 291 284 293
872 291 284 293 320
873 284 293 320 314
874 284 293 314 292
875 284 293 292 260
876 284 293 260 259
877 293 314 292 327
878 314 292 327 324
879 327 314 324 349
880 327 314 349 354
881 327 314 354 320
882 327 314 320 293
883 293 292 260 298
884 293 292 298 327
885 292 298 327 324
886 292 260 298 270
887 298 292 270 295
888 298 292 295 324
889 270 298 295 308
890 295 270 308 271
891 298 295 308 332
892 295 308 332 329
893 295 308 329 303
894 295 308 303 271
895 253 259 269 252
896 269 253 252 258
897 252 269 258 287
898 253 252 258 237
899 259 269 252 277
900 269 252 277 287
901 291 269 286 299
902 286 291 299 325
903 286 291 325 320
904 299 286 325 326
905 286 325 326 315
906 325 326 315 356
907 325 326 356 359
908 325 326 359 334
909 325 326 334 299
910 326 359 334 352
911 286 325 315 320
912 325 315 320 356
913 315 320 356 346
914 315 286 320 284
915 320 315 284 314
916 320 315 314 346
917 270 272 298 308
918 248 250 268 240
919 308 332 329 345
920 332 329 345 351
921 329 308 345 322
922 329 345 351 360
923 329 345 360 340
924 329 345 340 322
925 345 360 340 362
926 340 345 362 322
927 362 340 322 338
928 360 340 362 376
929 340 362 376 338
930 345 360 362 386
931 345 360 386 372
932 360 386 372 392
933 360 386 392 404
934 360 386 404 406
935 386 392 404 415
936 386 392 415 372
937 392 404 415 449
938 392 415 372 388
939 360 362 386 406
940 392 415 388 427
941 392 415 427 449
942 345 360 372 351
943 360 372 351 392
944 372 351 392 388
945 372 351 388 361
946 372 351 361 332
947 372 351 332 345
948 386 404 406 434
949 386 404 434 415
950 404 406 434 454
951 404 434 415 449
952 404 434 449 475
953 434 404 454 475
954 332 329 351 324
955 351 332 324 361
956 332 329 324 295
957 324 332 295 298
958 332 324 361 327
959 332 324 327 298
960 324 351 361 349
961 351 361 349 388
962 361 324 349 327
963 349 361 327 354
964 349 361 354 393
965 349 361 393 388
966 10 11 15 8
967 115 108 125 100
968 633 638 602 578
969 277 269 287 299
970 287 277 299 323
971 277 269 299 286
972 299 277 286 313
973 299 277 313 323
974 313 299 323 334
975 323 313 334 364
976 313 299 334 326
977 334 313 326 352
978 334 313 352 364
979 352 334 364 359
980 85 83 99 76
981 609 611 575 542
982 195 194 218 181
983 173 175 156 209
984 675 670 636 666
985 589 592 535 489
986 64 63 75 58
987 435 402 399 409
988 399 435 409 447
989 399 435 447 411
990 487 491 436 463
991 250 243 272 267
992 632 645 613 627
993 645 613 627 635
994 627 645 635 666
995 463 487 433 436
996 49 34 48 37
997 49 34 37 35
998 34 37 35 22
999 34 48 37 33
1000 37 34 33 22
1001 443 479 445 394
1002 463 526 487 552
1003 166 165 181 152
1004 464 547 470 495
1005 249 280 223 275
1006 280 223 275 241
1007 275 280 241 310
1008 275 280 341 309
1009 249 280 275 309
1010 584 613 591 627
1011 79 81 73 97
1012 362 360 376 406
1013 376 362 406 387
1014 406 376 387 412
1015 376 362 387 338
1016 376 387 412 377
1017 406 376 412 436
1018 406 376 436 404
1019 387 412 377 410
1020 377 387 410 347
1021 376 387 377 338
1022 208 201 204 209
1023 689 694 660 666
1024 310 343 341 280
1025 343 341 280 311
1026 343 341 311 371
1027 227 212 248 238
1028 22 13 17 16
1029 22 13 16 18
1030 13 17 16 8
1031 13 16 18 12
1032 13 16 12 8
1033 685 712 684 708
1034 238 240 225 207
1035 406 376 404 360
1036 463 471 456 416
1037 36 26 38 43
1038 38 36 43 52
1039 43 38 52 58
1040 26 38 43 32
1041 38 43 32 46
1042 52 43 58 54
1043 58 52 54 72
1044 38 43 46 58
1045 38 52 58 47
1046 58 52 72 76
1047 595 624 608 571
1048 595 624 571 577
1049 359 353 326 356
1050 353 326 356 315
1051 356 353 315 346
1052 356 353 346 389
1053 356 353 389 394
1054 356 353 394 359
1055 27 36 42 41
1056 36 42 41 57
1057 27 36 41 25
1058 36 41 25 43
1059 36 41 43 54
1060 36 41 54 57
1061 42 27 41 28
1062 42 27 28 33
1063 27 41 28 25
1064 28 27 25 14
1065 28 27 14 17
1066 28 27 17 33
1067 71 51 62 53
1068 71 51 53 59
1069 51 53 59 40
1070 51 53 40 44
1071 51 53 44 62
1072 96 91 119 110
1073 91 119 110 107
1074 119 110 107 129
1075 119 96 110 123
1076 110 119 123 142
1077 110 119 142 129
1078 348 370 395 414
1079 370 395 414 410
1080 395 414 410 460
1081 452 481 553 466
1082 481 553 466 566
1083 452 481 466 408
1084 481 466 408 418
1085 466 481 566 489
1086 466 481 489 418
1087 557 515 482 507
1088 482 557 507 554
1089 507 482 554 478
1090 507 482 478 446
1091 507 482 446 462
1092 507 482 462 515
1093 75 72 95 76
1094 75 72 76 58
1095 95 75 76 99
1096 75 76 99 83
1097 75 76 83 64
1098 75 76 64 58
1099 99 95 120 100
1100 99 95 100 76
1101 120 99 100 125
1102 99 100 125 108
1103 100 99 76 85
1104 99 100 108 85
1105 734 723 712 714
1106 723 712 714 691
1107 712 714 691 684
1108 712 734 714 730
1109 714 712 730 708
1110 712 714 684 708
1111 240 238 248 212
1112 613 627 635 591
1113 73 91 96 97
1114 91 96 97 110
1115 96 97 110 123
1116 96 73 97 79
1117 96 97 123 104
1118 97 96 79 104
1119 431 373 371 417
1120 431 373 417 419
1121 373 371 417 419
1122 371 431 417 420
1123 527 578 477 484
1124 53 35 49 40
1125 53 35 40 44
1126 578 477 484 542
1127 477 527 484 442
1128 484 477 442 405
1129 484 477 405 450
1130 477 484 542 450
1131 35 40 44 30
1132 35 40 30 23
1133 35 40 23 37
1134 35 40 37 49
1135 121 100 126 120
1136 27 26 36 25
1137 27 26 25 15
1138 26 25 15 19
1139 26 36 25 43
1140 25 26 43 31
1141 126 121 120 149
1142 121 100 120 94
1143 121 120 149 143
1144 121 120 143 114
1145 121 120 114 94
1146 25 26 31 19
1147 264 331 307 321
1148 412 433 471 416
1149 264 331 321 282
1150 331 307 321 379
1151 412 433 416 410
1152 416 412 410 377
1153 410 416 377 395
1154 410 416 395 460
1155 377 410 395 370
1156 331 321 282 358
1157 331 321 358 396
1158 331 321 396 379
1159 595 624 577 616
1160 96 119 122 123
1161 119 122 123 147
1162 122 123 147 134
1163 122 123 134 104
1164 122 123 104 96
1165 429 397 443 445
1166 429 397 445 385
1167 445 429 385 423
1168 445 429 423 476
1169 445 429 476 480
1170 445 429 480 443
1171 178 207 204 180
1172 178 207 180 176
1173 180 178 176 150
1174 180 178 150 156
1175 180 178 156 187
1176 180 178 187 204
1177 178 187 204 153
1178 187 180 204 209
1179 204 187 209 201
1180 187 180 209 156
1181 178 156 187 153
1182 156 187 153 173
1183 178 156 153 150
1184 156 153 150 126
1185 156 153 126 145
1186 153 156 173 145
1187 95 72 88 94
1188 408 418 357 375
1189 418 357 375 374
1190 357 375 374 304
1191 88 95 94 114
1192 375 418 374 441
1193 95 94 114 120
1194 95 72 94 76
1195 94 95 76 100
1196 94 95 100 120
1197 641 604 621 637
1198 621 641 637 652
1199 641 604 637 630
1200 637 641 630 663
1201 641 637 652 673
1202 637 641 663 673
1203 385 445 423 389
1204 385 445 389 397
1205 389 385 397 353
1206 389 385 353 346
1207 389 385 346 393
1208 389 385 393 423
1209 371 373 343 419
1210 162 140 169 163
1211 73 67 91 87
1212 169 162 163 191
1213 67 91 87 86
1214 91 87 86 107
1215 162 140 163 138
1216 163 162 138 170
1217 163 162 170 190
1218 162 163 191 190
1219 91 73 87 97
1220 87 91 97 110
1221 87 91 110 107
1222 501 504 499 430
1223 500 431 430 504
1224 417 431 419 420
1225 501 512 504 419
1226 510 512 501 420
1227 430 431 371 420
1228 280 275 341 310
1229 343 341 371 420
1230 343 369 310 341
1231 343 369 341 420
1232 419 417 420 371
1233 110 87 107 105
1234 437 378 381 428
1235 437 378 428 420
1236 107 110 105 129
1237 105 107 129 131
1238 381 437 428 448
1239 437 428 448 525
1240 87 107 105 86
1241 107 105 86 106
1242 107 105 106 131
1243 437 428 525 510
1244 437 428 510 420
1245 431 419 420 467
1246 419 420 467 501
1247 420 467 501 430
1248 467 419 501 504
1249 501 467 504 430
1250 467 419 504 431
1251 504 467 431 430
1252 467 431 430 420
1253 419 420 501 512
1254 127 128 151 132
1255 151 127 132 155
1256 128 151 132 157
1257 151 132 157 161
1258 127 128 132 106
1259 157 151 161 182
1260 157 151 182 154
1261 157 151 154 128
1262 377 387 347 338
1263 347 377 338 342
1264 338 347 342 306
1265 338 347 306 302
1266 387 347 338 362
1267 347 338 362 322
1268 347 338 322 302
1269 125 120 149 126
1270 125 120 126 100
1271 149 125 126 153
1272 125 126 153 141
1273 126 125 100 115
1274 125 126 141 115
1275 151 132 161 155
1276 161 151 155 182
1277 584 591 516 532
1278 584 591 532 563
1279 516 584 532 509
1280 584 532 509 563
1281 532 516 509 425
1282 532 509 563 497
1283 532 509 497 425
1284 497 532 425 529
1285 497 532 529 591
1286 497 532 591 561
1287 497 532 561 563
1288 532 561 563 591
1289 509 563 497 451
1290 561 497 563 444
1291 497 509 451 425
1292 252 277 287 217
1293 277 287 217 254
1294 277 287 254 323
1295 313 352 364 316
1296 352 364 316 318
1297 316 352 318 313
1298 364 316 318 336
1299 316 318 336 279
1300 316 318 279 256
1301 318 336 279 330
1302 336 316 279 288
1303 316 279 288 256
1304 336 316 288 364
1305 288 316 256 313
1306 318 279 256 265
1307 318 279 265 330
1308 279 256 265 263
1309 265 279 263 300
1310 279 256 263 288
1311 263 279 288 336
1312 263 279 336 300
1313 316 288 364 313
1314 316 318 256 313
1315 256 265 263 198
1316 318 336 330 409
1317 352 364 318 336
1318 318 352 336 409
1319 352 364 336 409
1320 263 265 300 215
1321 263 265 215 198
1322 256 263 288 220
1323 288 256 220 242
1324 256 263 220 198
1325 220 256 198 191
1326 279 265 330 300
1327 265 330 300 276
1328 330 300 276 344
1329 300 265 276 215
1330 352 364 409 402
1331 627 635 591 561
1332 635 627 666 612
1333 635 627 612 561
1334 258 252 287 217
1335 258 252 217 197
1336 258 252 197 237
1337 277 313 323 254
1338 313 323 254 288
1339 313 323 288 364
1340 409 399 447 380
1341 409 399 380 330
1342 237 225 252 197
1343 237 225 197 179
1344 660 689 666 670
1345 591 584 627 563
1346 314 349 354 346
1347 349 354 346 393
1348 354 314 346 320
1349 346 354 320 356
1350 346 354 356 389
1351 346 354 389 393
1352 142 168 160 164
1353 142 168 164 152
1354 168 164 152 184
1355 168 160 164 203
1356 168 164 184 196
1357 168 164 196 203
1358 415 388 427 446
1359 427 415 446 462
1360 388 427 446 426
1361 446 427 462 482
1362 446 427 482 478
1363 427 446 426 478
1364 253 259 252 240
1365 153 149 178 150
1366 153 149 150 126
1367 149 178 150 176
1368 149 150 126 121
1369 150 149 176 143
1370 150 149 143 121
1371 684 685 708 680
1372 573 517 516 529
1373 516 573 529 591
1374 529 516 591 532
1375 529 516 532 425
1376 683 707 700 718
1377 269 259 286 277
1378 53 67 73 71
1379 67 73 71 87
1380 73 53 71 61
1381 71 73 61 81
1382 71 73 81 97
1383 71 73 97 87
1384 347 377 342 370
1385 256 220 242 191
1386 463 471 416 412
1387 395 414 460 455
1388 52 58 47 64
1389 530 588 573 516
1390 41 42 28 39
1391 42 28 39 33
1392 39 42 33 50
1393 512 510 428 420
1394 667 688 674 709
1395 158 131 157 154
1396 157 158 154 188
1397 158 131 154 146
1398 154 158 146 160
1399 154 158 160 185
1400 154 158 185 188
1401 370 342 395 377
1402 632 645 627 664
1403 554 536 495 478
1404 536 495 478 470
1405 495 478 470 438
1406 495 554 478 507
1407 478 495 507 446
1408 495 478 438 446
1409 536 495 470 547
1410 212 219 204 207
1411 212 219 207 238
1412 219 204 207 222
1413 207 219 222 237
1414 222 207 237 179
1415 204 207 222 180
1416 207 222 180 179
1417 536 577 571 495
1418 536 577 495 547
1419 92 94 117 114
1420 117 92 114 113
1421 114 117 113 139
1422 114 117 139 143
1423 94 117 114 121
1424 117 114 121 143
1425 585 629 617 636
1426 585 629 636 606
1427 629 636 606 654
1428 629 617 636 666
1429 629 636 654 670
1430 629 636 670 666
1431 585 602 629 606
1432 602 629 606 649
1433 585 602 606 543
1434 602 606 543 578
1435 602 606 578 638
1436 606 602 649 638
1437 39 42 50 55
1438 204 187 201 173
1439 52 43 54 36
1440 132 127 106 109
1441 132 127 109 137
1442 132 127 137 155
1443 543 575 602 578
1444 575 602 578 633
1445 543 575 578 484
1446 575 578 484 542
1447 575 578 542 611
1448 578 575 633 611
1449 28 39 33 24
1450 39 33 24 37
1451 452 437 381 448
1452 381 452 448 408
1453 452 437 448 524
1454 452 448 408 466
1455 452 448 466 551
1456 452 448 551 524
1457 346 349 393 384
1458 349 393 384 388
1459 393 384 388 438
1460 393 346 384 385
1461 384 393 385 423
1462 393 384 438 423
1463 369 343 419 420
1464 419 369 420 428
1465 420 419 428 512
1466 343 419 420 371
1467 158 146 160 183
1468 275 247 218 223
1469 218 275 223 241
1470 223 218 241 184
1471 223 218 184 195
1472 247 218 223 195
1473 107 129 131 146
1474 129 131 146 154
1475 146 129 154 160
1476 146 129 160 142
1477 146 129 142 119
1478 160 146 142 164
1479 107 129 146 119
1480 129 131 154 128
1481 129 131 128 105
1482 131 154 128 157
1483 131 128 105 106
1484 131 128 106 132
1485 131 128 132 157
1486 127 109 137 102
1487 127 109 102 101
1488 109 102 101 84
1489 109 102 84 90
1490 109 102 90 118
1491 109 102 118 137
1492 375 374 304 296
1493 484 535 575 542
1494 535 575 542 609
1495 484 535 542 450
1496 535 542 450 489
1497 542 535 609 592
1498 542 535 592 489
1499 219 207 238 225
1500 16 23 24 22
1501 16 23 22 18
1502 23 24 22 37
1503 22 23 37 35
1504 22 23 35 29
1505 23 22 18 29
1506 244 310 278 312
1507 310 278 312 355
1508 312 310 355 378
1509 244 310 312 275
1510 312 310 378 341
1511 310 312 275 341
1512 278 244 312 230
1513 127 137 155 130
1514 137 155 130 172
1515 127 137 130 102
1516 238 225 237 219
1517 132 161 155 137
1518 161 155 137 172
1519 161 155 172 192
1520 435 409 447 457
1521 447 435 457 517
1522 409 447 457 380
1523 447 457 380 425
1524 117 92 113 112
1525 113 117 112 138
1526 92 113 112 89
1527 113 112 89 116
1528 113 112 116 140
1529 112 113 138 140
1530 374 335 304 296
1531 335 304 296 262
1532 296 335 262 294
1533 304 296 262 233
1534 296 262 233 231
1535 296 262 231 294
1536 262 233 231 199
1537 231 262 199 224
1538 231 262 224 294
1539 199 231 224 189
1540 231 224 189 235
1541 231 224 235 282
1542 231 224 282 294
1543 282 231 294 296
1544 224 282 294 264
1545 282 294 264 331
1546 282 294 331 358
1547 282 294 358 296
1548 224 189 235 202
1549 235 224 202 264
1550 202 235 264 245
1551 235 224 264 282
1552 235 264 245 321
1553 264 235 282 321
1554 224 189 202 182
1555 224 189 182 199
1556 189 202 182 161
1557 182 189 161 157
1558 182 189 157 188
1559 182 189 188 199
1560 188 182 199 154
1561 189 188 199 231
1562 188 199 231 233
1563 188 199 233 185
1564 188 199 185 154
1565 189 235 202 192
1566 235 202 192 245
1567 202 189 192 161
1568 202 192 245 186
1569 202 192 186 155
1570 306 338 302 303
1571 127 109 101 106
1572 109 101 106 84
1573 101 106 84 86
1574 101 106 86 105
1575 101 106 105 128
1576 101 106 128 127
1577 405 335 374 390
1578 374 405 390 441
1579 405 335 390 368
1580 390 405 368 432
1581 405 390 441 477
1582 405 390 477 432
1583 335 374 390 296
1584 24 16 22 17
1585 24 16 17 14
1586 33 24 37 22
1587 374 375 441 390
1588 671 645 660 666
1589 645 660 666 627
1590 645 660 627 664
1591 660 666 627 617
1592 481 472 569 489
1593 481 472 489 418
1594 472 489 418 450
1595 472 489 450 542
1596 472 569 489 592
1597 102 90 118 111
1598 118 102 111 130
1599 111 118 130 124
1600 111 118 124 98
1601 111 118 98 90
1602 118 102 130 137
1603 130 118 137 148
1604 137 130 148 172
1605 130 118 148 124
1606 218 181 196 184
1607 181 196 184 164
1608 218 181 184 195
1609 184 181 164 152
1610 184 181 152 166
1611 181 184 195 166
1612 300 276 344 301
1613 300 276 301 200
1614 276 344 301 307
1615 344 301 307 367
1616 301 276 307 234
1617 301 307 367 321
1618 307 301 234 245
1619 307 301 245 321
1620 301 234 245 200
1621 234 245 200 186
1622 234 307 245 264
1623 245 234 264 202
1624 200 234 186 210
1625 186 200 210 177
1626 200 234 210 276
1627 245 234 202 186
1628 200 210 177 215
1629 200 210 215 276
1630 344 301 367 363
1631 344 301 363 300
1632 367 344 363 421
1633 344 363 421 391
1634 344 363 391 330
1635 363 344 300 330
1636 301 276 234 200
1637 124 111 98 116
1638 14 28 17 24
1639 119 123 142 147
1640 219 213 204 209
1641 204 219 209 222
1642 209 204 222 180
1643 300 363 330 380
1644 330 300 380 336
1645 658 685 668 691
1646 299 286 326 313
1647 52 54 72 70
1648 54 72 70 68
1649 72 70 68 88
1650 72 70 88 94
1651 72 52 70 76
1652 70 72 76 94
1653 52 54 70 57
1654 105 87 86 78
1655 87 86 78 67
1656 86 105 78 101
1657 86 78 67 66
1658 86 78 66 84
1659 86 78 84 101
1660 78 66 84 82
1661 84 78 82 101
1662 82 84 101 102
1663 66 84 82 65
1664 84 82 65 90
1665 84 82 90 102
1666 78 66 82 60
1667 33 39 50 48
1668 410 416 460 471
1669 410 416 471 433
1670 68 55 69 57
1671 68 55 57 54
1672 55 69 57 50
1673 55 57 54 41
1674 55 57 41 42
1675 55 57 42 50
1676 196 218 184 241
1677 98 124 116 112
1678 82 65 90 77
1679 90 82 77 102
1680 65 90 77 74
1681 90 77 74 93
1682 77 74 93 69
1683 77 74 69 56
1684 90 77 93 111
1685 82 65 77 60
1686 77 65 74 50
1687 74 93 69 80
1688 69 74 80 57
1689 74 69 56 50
1690 56 74 50 77
1691 69 56 50 55
1692 56 50 55 39
1693 56 50 39 60
1694 56 50 60 65
1695 56 50 65 77
1696 77 90 102 111
1697 82 65 60 66
1698 65 60 66 48
1699 65 60 48 50
1700 60 66 48 49
1701 48 60 49 37
1702 60 48 50 39
1703 307 344 367 379
1704 344 367 379 421
1705 367 307 379 321
1706 367 379 421 451
1707 379 367 321 396
1708 379 367 396 451
1709 296 335 294 358
1710 423 464 438 393
1711 262 233 199 232
1712 262 233 232 304
1713 233 199 232 185
1714 233 232 304 290
1715 233 232 290 230
1716 232 304 290 285
1717 304 290 285 357
1718 290 285 357 337
1719 290 285 337 230
1720 285 357 337 355
1721 304 290 357 375
1722 290 232 285 230
1723 232 233 185 230
1724 304 233 290 296
1725 290 304 296 375
1726 146 160 183 164
1727 588 613 627 632
1728 588 613 632 620
1729 336 279 330 300
1730 363 421 391 425
1731 363 421 425 367
1732 421 391 425 447
1733 391 363 425 380
1734 391 363 380 330
1735 380 391 330 399
1736 425 391 380 447
1737 391 380 447 399
1738 114 88 113 92
1739 114 88 92 94
1740 88 92 94 70
1741 88 113 92 89
1742 92 88 89 68
1743 92 88 68 70
1744 53 49 67 59
1745 49 67 59 66
1746 53 49 59 40
1747 67 53 59 71
1748 59 49 66 60
1749 215 263 198 220
1750 676 648 674 698
1751 161 155 192 202
1752 442 368 405 432
1753 442 368 432 403
1754 432 442 403 483
1755 405 442 432 477
1756 442 432 477 527
1757 442 432 527 483
1758 660 666 617 629
1759 415 446 401 388
1760 401 415 388 372
1761 388 401 372 361
1762 388 401 361 393
1763 388 401 393 438
1764 446 401 388 438
1765 59 67 71 87
1766 410 377 347 370
1767 78 67 66 59
1768 278 312 355 337
1769 464 470 438 495
1770 41 55 42 39
1771 210 177 215 198
1772 215 210 198 265
1773 215 210 265 276
1774 310 369 355 378
1775 310 369 378 341
1776 369 378 341 420
1777 369 378 420 428
1778 369 378 428 355
1779 380 330 336 409
1780 374 375 390 296
1781 379 403 451 396
1782 379 403 396 331
1783 403 396 331 358
1784 403 451 396 473
1785 396 403 473 432
1786 396 403 432 358
1787 378 381 428 355
1788 378 381 355 312
1789 381 355 312 337
1790 381 355 337 407
1791 381 355 407 448
1792 162 140 138 139
1793 140 138 139 113
1794 138 162 139 170
1795 138 139 113 117
1796 138 139 117 144
1797 138 139 144 170
1798 408 357 337 375
1799 124 111 116 136
1800 116 124 136 135
1801 124 111 136 130
1802 124 136 135 167
1803 116 124 135 112
1804 155 161 182 202
1805 307 245 264 321
1806 381 355 448 428
1807 395 414 455 400
1808 395 414 400 348
1809 357 407 337 355
1810 57 68 54 70
1811 690 669 657 680
1812 176 180 150 179
1813 176 180 179 207
1814 150 176 179 144
1815 33 28 24 17
1816 24 33 17 22
1817 529 516 425 447
1818 529 516 447 517
1819 254 220 193 242
1820 254 220 242 288
1821 193 254 242 214
1822 254 242 214 277
1823 254 242 277 313
1824 254 242 313 288
1825 242 193 214 191
1826 193 214 191 190
1827 214 242 191 190
1828 242 193 191 220
1829 193 191 220 169
1830 193 191 169 163
1831 193 191 163 190
1832 242 214 277 190
1833 193 254 214 217
1834 254 214 217 277
1835 214 217 277 190
1836 214 217 190 193
1837 27 14 17 15
1838 14 17 15 8
1839 15 14 8 11
1840 27 14 15 25
1841 14 15 25 21
1842 14 17 8 16
1843 15 14 11 21
1844 60 56 65 77
1845 408 418 375 472
1846 680 657 653 624
1847 93 69 80 89
1848 69 80 89 68
1849 80 89 68 92
1850 80 93 89 116
1851 80 89 92 112
1852 69 80 68 57
1853 80 89 112 116
1854 357 337 375 290
1855 472 489 542 592
1856 58 52 76 64
1857 123 152 142 147
1858 123 152 147 134
1859 152 147 134 165
1860 152 142 147 164
1861 147 152 164 181
1862 152 147 165 181
1863 162 170 190 174
1864 170 190 174 197
1865 162 170 174 139
1866 174 170 197 179
1867 170 174 139 144
1868 170 174 144 179
1869 190 174 197 225
1870 170 190 197 217
1871 190 197 217 252
1872 197 174 179 176
1873 174 179 176 144
1874 179 197 176 225
1875 160 158 183 185
1876 183 160 185 203
1877 158 183 185 188
1878 185 183 203 230
1879 183 203 230 196
1880 203 230 196 241
1881 139 117 144 143
1882 144 139 143 174
1883 117 144 143 121
1884 144 143 121 150
1885 144 143 150 176
1886 143 144 174 176
1887 217 190 252 277
1888 179 176 207 225
1889 140 169 163 135
1890 163 140 135 138
1891 140 135 138 112
1892 140 169 135 136
1893 140 135 112 116
1894 140 135 116 136
1895 39 33 37 48
1896 288 256 242 313
1897 399 352 318 409
1898 399 352 409 402
1899 517 461 516 447
1900 517 461 447 435
1901 461 447 435 411
1902 318 399 409 330
1903 93 111 116 98
1904 93 111 98 90
1905 116 93 98 80
1906 93 98 80 74
1907 93 98 74 90
1908 278 241 230 203
1909 230 278 203 285
1910 418 472 450 441
1911 472 450 441 542
1912 450 441 542 477
1913 450 418 441 374
1914 441 450 374 405
1915 441 450 405 477
1916 543 483 442 527
1917 442 543 527 484
1918 543 483 527 585
1919 543 527 484 578
1920 543 527 578 606
1921 543 527 606 585
1922 196 203 241 184
1923 157 182 188 154
1924 169 193 163 167
1925 163 169 167 135
1926 169 193 167 220
1927 169 167 135 136
1928 198 215 220 177
1929 219 207 225 237
1930 207 225 237 179
1931 184 168 196 203
1932 418 472 441 375
1933 48 60 37 39
1934 78 66 60 59
1935 230 278 285 337
1936 527 432 473 483
1937 473 527 483 576
1938 483 473 576 563
1939 432 473 483 403
1940 473 483 403 451
1941 473 483 451 563
1942 54 52 36 57
1943 478 470 438 426
1944 470 438 426 423
1945 438 478 426 446
1946 426 438 446 388
1947 438 426 423 384
1948 438 426 384 388
1949 674 679 698 703
1950 674 679 703 709
1951 408 418 472 481
1952 576 606 527 585
1953 576 606 585 636
1954 585 576 636 617
1955 585 576 617 563
1956 527 576 585 483
1957 576 585 483 563
1958 294 368 331 358
1959 368 331 358 403
1960 294 368 358 335
1961 368 358 335 390
1962 368 358 390 432
1963 368 358 432 403
1964 186 200 177 172
1965 186 200 172 192
1966 172 186 192 155
1967 186 200 192 245
1968 172 186 155 171
1969 172 186 171 177
1970 171 172 177 148
1971 177 171 148 159
1972 177 171 159 198
1973 171 148 159 136
1974 148 159 136 124
1975 136 148 124 130
1976 159 136 124 167
1977 159 136 167 169
1978 167 159 169 198
1979 148 177 159 167
1980 159 171 136 169
1981 171 172 148 130
1982 177 159 167 198
1983 171 148 136 130
1984 186 171 177 210
1985 49 59 40 37
1986 49 59 37 60
1987 171 177 210 198
1988 187 209 201 173
1989 563 617 627 612
1990 563 617 612 576
1991 617 627 612 666
1992 617 612 576 636
1993 617 612 636 666
1994 183 185 188 233
1995 473 396 444 451
1996 444 473 451 563
1997 396 444 451 367
1998 444 451 367 425
1999 451 444 563 497
2000 451 444 497 425
2001 209 187 156 173
2002 278 285 337 355
2003 74 69 50 57
2004 563 561 444 473
2005 612 576 561 563
2006 561 612 563 627
2007 576 561 563 473
2008 563 561 627 591
2009 225 252 197 190
2010 364 352 359 402
2011 142 146 119 164
2012 421 451 509 425
2013 509 421 425 516
2014 159 148 167 124
2015 660 671 666 694
2016 213 204 209 208
2017 421 425 367 451
2018 183 160 203 164
2019 187 204 153 173
2020 59 67 87 78
2021 644 657 680 624
2022 390 335 296 358
2023 685 684 651 680
2024 447 457 425 529
2025 447 457 529 517
2026 11 4 7 8
2027 4 7 8 3
2028 7 8 3 12
2029 7 8 12 16
2030 7 8 16 14
2031 7 8 14 11
2032 393 389 423 464
2033 212 226 248 240
2034 142 147 164 119
2035 169 167 198 220
2036 365 402 352 399
2037 240 238 212 207
2038 421 425 516 447
2039 80 68 57 70
2040 68 92 70 80
2041 183 203 196 164
2042 203 230 285 232
2043 458 443 402 394
2044 651 653 624 680
2045 312 278 230 337
2046 170 163 190 217
2047 197 174 176 225
2048 155 130 172 171
2049 159 169 198 171
2050 203 185 230 232
2051 684 680 653 651
2052 183 185 233 230
2053 276 300 215 200
2054 98 116 80 112
2055 217 190 193 163
2056 167 198 220 177
2057 666 660 670 629
2058 198 220 191 169
EndElements

Dirichlet
1
2
4
5
10
11
19
21
31
32
46
47
63
64
83
85
108
115
141
145
173
175
201
205
206
208
216
221
236
239
257
266
283
297
319
333
350
366
383
398
413
422
440
453
459
474
486
496
518
521
538
EndDirichlet

Neumann
499
500
501
504
510
512
524
525
551
553
566
569
589
592
609
611
633
638
649
654
670
675
689
692
693
694
698
699
701
703
705
709
716
718
722
726
729
733
738
740
744
748
751
754
758
761
762
764
766
767
768
EndNeumann
